Date;deficitOnTopLayers (g/m²/d);minTair (°C);maxTair (°C);solarRadiation (MJ/m²/d);extraSolarRadiation (MJ/m²/d);vaporPressure (hPa);tau (plant cover factor dimensionless);hslope (hPa/°C);plantHeight (mm);wind (m/d);VPDair (hPa);isWindVpDefined;Wc_3cm (g/m²/d);Ntip
6/9/1991 12:00:00 AM;318.710781742398;-1.6;8;3.6;10.6217497047157;7;1;0.572470715793384;0;709000;1.08000227407717;1;5.20877353095456;0
6/10/1991 12:00:00 AM;634.561835806775;3.7;8.3;5.8;10.5757876670796;6.3;1;0.654606096029124;0;154000;3.15567004582075;1;5.01926289851593;0
6/11/1991 12:00:00 AM;0;-0.4;11.7;5.9;10.5339451245873;7;1;0.683282783382344;0;100000;2.84152342911537;1;5.4;0
6/12/1991 12:00:00 AM;0;-1.8;15.5;7;10.4962086715469;6.7;1;0.789324548352725;0;100000;4.78145988957287;1;5.4;0
6/13/1991 12:00:00 AM;0;-1.6;13.3;6.8;10.4625656475777;7.3;1;0.717628981267306;0;178000;3.05324670918487;1;5.4;0
6/14/1991 12:00:00 AM;0;0.4;12;6.9;10.4330041964722;7.1;1;0.701995284850153;0;221000;3.05687650760285;1;5.4;0
6/15/1991 12:00:00 AM;0;3;10.3;2.9;10.4075133192638;7.2;1;0.692266563948081;0;171000;2.85317046796462;1;5.4;0
6/16/1991 12:00:00 AM;0;-0.8;10.5;8.1;10.3860829214221;7.4;1;0.645016875441023;0;282000;1.82928526875666;1;5.4;0
6/17/1991 12:00:00 AM;0;2.4;12.6;2.8;10.3687038541154;7;1;0.747129286290594;0;301000;3.92563363218835;1;5.4;0
6/18/1991 12:00:00 AM;0;5.8;6.8;1.4;10.3553679494889;8;1;0.659655052006718;0;334000;1.55211421545353;1;5.26147620693472;0
6/19/1991 12:00:00 AM;0;-0.8;12;5.7;10.3460680499234;7.3;1;0.687175660092516;0;316000;2.59352017752052;1;4.93818671870191;0
6/20/1991 12:00:00 AM;0;1.2;5.2;3.7;10.3407980312478;6.7;1;0.549377913347172;0;356000;1.05406438567076;1;4.90248302282394;0
6/21/1991 12:00:00 AM;0;-1.6;7;6.9;10.3395528198895;6;1;0.549633597658252;0;141000;1.7254502745523;1;4.74354364617661;0
6/22/1991 12:00:00 AM;0;-3.3;8.4;6.3;10.342328403956;4.9;1;0.56315284905431;0;177000;3.0055807153088;1;4.74354364617661;0
6/23/1991 12:00:00 AM;0;-0.1;8;3.1;10.3491218382517;5.4;1;0.591144526756356;0;100000;2.99568939007881;1;4.74354364617661;0
6/24/1991 12:00:00 AM;491.829349987585;1.3;9.3;5;10.3599312432385;6.8;1;0.641492343496246;0;373000;2.41300095615157;1;4.55474935141466;0
6/25/1991 12:00:00 AM;806.540154032569;3.3;6.3;1.8;10.3747557979605;7.4;1;0.604348879351553;0;478000;1.24381266461537;1;4.47997744395903;0
6/26/1991 12:00:00 AM;1437.13739508595;3.5;8.8;6.1;10.3935957269602;7;1;0.662991594722413;0;129000;2.58860936904038;1;4.19442260693389;0
6/27/1991 12:00:00 AM;1561.70039120294;-2.4;5.1;4.1;10.4164522812208;6.1;1;0.50022338705497;0;102000;0.852082478447429;1;4.19442260693389;0
6/28/1991 12:00:00 AM;1887.9628597932;-1.7;7.2;2.4;10.4433277131797;5.6;1;0.552906411318884;0;458000;2.17469019719506;1;4.05945679088912;0
6/29/1991 12:00:00 AM;2365.17680868736;2.6;9.3;6.2;10.4742252458667;6.1;1;0.660735939203976;0;284000;3.44029213925453;1;3.82161523184737;0
6/30/1991 12:00:00 AM;2428.6661728691;-1.3;8.2;7;10.5091490362304;6.4;1;0.580771142735854;0;319000;1.81420744673935;1;3.82161523184737;0
7/1/1991 12:00:00 AM;2477.95372098283;-2;6.2;4.8;10.5481041327272;5.8;1;0.527529293631274;0;100000;1.57773274454399;1;3.82161523184737;0
7/2/1991 12:00:00 AM;2682.00977715091;-1.3;7.5;3.3;10.5910964272595;5.9;1;0.564491682896872;0;157000;2.06075979908377;1;3.72191726549262;0
7/3/1991 12:00:00 AM;3037.73489602506;-2.3;9.4;6.5;10.6381326015622;6.6;1;0.598807135064968;0;363000;1.87633892850263;1;3.52914525463318;0
7/4/1991 12:00:00 AM;3095.93932519194;-1;10.2;6.6;10.6892200681489;5.8;1;0.6345895183204;0;100000;3.26134523282683;1;3.50868673945859;0
7/5/1991 12:00:00 AM;3112.81415790507;-2.9;8.4;6.8;10.7443669059467;5.9;1;0.56737957174079;0;299000;2.07820445593954;1;3.50868673945859;0
7/6/1991 12:00:00 AM;3128.08660364488;-1.2;8.7;6.3;10.8035817907614;5.7;1;0.594006658763403;0;140000;2.72235670891411;1;3.50661070175421;0
7/7/1991 12:00:00 AM;3170.5861407584;-1;7.4;5.6;10.866873920732;6;1;0.565903794966556;0;162000;1.98731502606499;1;3.48607218030375;0
7/8/1991 12:00:00 AM;3312.7830500749;-0.4;14.7;5.4;10.9342529369511;5.7;1;0.776978274883057;0;139000;5.6296633335048;1;3.40422687528622;0
7/9/1991 12:00:00 AM;3422.85133566755;0;8.8;2.8;11.005728839445;6.7;1;0.611499150456688;0;159000;2.01720390571564;1;3.34061689233128;0
7/10/1991 12:00:00 AM;3851.2876714008;-0.1;12.5;6.9;11.0813118987231;6.7;1;0.710453223245426;0;100000;3.57925088481543;1;3.08525678277179;0
7/11/1991 12:00:00 AM;3888.46420494422;-3;8.4;4.2;11.1610125631282;6.5;1;0.56631143889879;0;100000;1.45986795523921;1;3.06414204696206;0
7/12/1991 12:00:00 AM;4205.65243787189;-0.5;9.8;7;11.2448413622325;6.2;1;0.630218447738421;0;100000;2.80265091812194;1;2.87466293622688;0
7/13/1991 12:00:00 AM;4269.69789919605;-4.8;7.6;5;11.3328088065445;6;1;0.529175634077541;0;230000;1.35754154075733;1;2.83681933974738;0
7/14/1991 12:00:00 AM;4536.18633104672;-1.3;6;3.5;11.4249252838081;5.6;1;0.531757547611354;0;100000;1.85240717782207;1;2.67733485685748;0
7/15/1991 12:00:00 AM;4906.53183404954;-0.5;7.9;5.2;11.5212009521902;5.9;1;0.583648901659123;0;157000;2.37206243466655;1;2.45541355841013;0
7/16/1991 12:00:00 AM;5166.38310303696;-0.5;10.1;6.2;11.6216456306691;5.7;1;0.638042250644323;0;158000;3.42571839728839;1;2.29970299936572;0
7/17/1991 12:00:00 AM;5341.42424556634;0.7;7.2;3;11.7262686869492;6.1;0.998293745933209;0.58381807626907;0;124000;2.19163598208981;1;2.19481845549172;0
7/18/1991 12:00:00 AM;5793.23933430421;3.1;8.3;1;11.8350789232387;6.9;0.997208780347009;0.644742288528282;0;340000;2.39023606522852;1;1.92405639941747;0
7/19/1991 12:00:00 AM;6425.2167762909;5.8;8.8;2.8;11.9480844602398;8.1;0.997168377451578;0.703745673164967;0;405000;2.17440519255601;1;1.54486993422546;0
7/20/1991 12:00:00 AM;6961.45385415407;3.7;10.3;5.5;12.0652926197061;8.5;0.996415661032399;0.703495804107082;0;235000;1.74557864657464;1;1.22312768750756;0
7/21/1991 12:00:00 AM;7352.68748018567;-0.5;9.7;5.4;12.1867098059319;7.4;0.995591143314014;0.627639820413628;0;226000;1.5621100419214;1;0.988387511888596;0
7/22/1991 12:00:00 AM;7736.91171011762;0.7;12;8.4;12.3123413865399;6.6;0.994553332961378;0.705899489193567;0;378000;3.62595188593494;1;0.757852973929429;0
7/23/1991 12:00:00 AM;7910.14737022422;1;11;8.4;12.4421915729391;5.4;0.993301506574025;0.681705523575002;0;316000;4.44711651547454;1;0.653911577865465;0
7/24/1991 12:00:00 AM;8034.45194488701;0.1;10.3;4.3;12.5762633008222;5.5;0.991610952862997;0.650915994541025;0;195000;3.84063657978969;1;0.579328833067794;0
7/25/1991 12:00:00 AM;8486.63457899213;0.9;7.9;5.4;12.7145581110722;5.6;0.989686719500506;0.602389831905687;0;112000;2.98734634631938;1;0.308019252604724;0
7/26/1991 12:00:00 AM;8874.68498312351;-0.3;9.6;8.3;12.8570760314432;6.3;0.988412924631072;0.627591767185775;0;149000;2.66512886815063;1;0.0751890101258942;0
7/27/1991 12:00:00 AM;9164.91322867725;-0.1;14.5;8.3;13.0038154593748;5.4;0.986774424215516;0.773800416949563;0;100000;5.88794103839656;1;0;0
7/28/1991 12:00:00 AM;9383.70011237875;-2.3;12;8.4;13.1547730462914;5.4;0.98352347609419;0.670358178130228;0;219000;4.19188370688383;1;0;0
7/29/1991 12:00:00 AM;9682.55334721654;-0.4;12.4;8.5;13.3099435837281;5.7;0.981153372213156;0.703793679434736;0;347000;4.46617604607966;1;0;0
7/30/1991 12:00:00 AM;10027.9257997492;2.8;13.3;8.4;13.4693198916136;6.1;0.978615756043287;0.774203035463394;0;283000;5.27247629676526;1;0;0
7/31/1991 12:00:00 AM;10402.2969362328;2.2;14.6;8.4;13.6328927090279;6.8;0.975610076964113;0.807037630671305;0;302000;5.08863912562332;1;0;0
8/1/1991 12:00:00 AM;10858.0829167552;3.6;13.1;8;13.800650587738;6;0.968457641882203;0.780377061930154;0;124000;5.49121838601535;1;0;0
8/2/1991 12:00:00 AM;11283.1907586486;-0.8;9.6;5.1;13.9725797887992;6;0.965345050277798;0.621366530717571;0;188000;2.85786798625462;1;0;0
8/3/1991 12:00:00 AM;11851.7114525262;-1.5;13.1;8.8;14.1486641824922;6.4;0.963548024514677;0.7124458697369;0;264000;3.87424308341194;1;0;0
8/4/1991 12:00:00 AM;12391.5199123483;-2.8;10.1;9.4;14.3288851518525;5.8;0.960688852911252;0.611697921397472;0;339000;2.8660045344133;1;0;0
8/5/1991 12:00:00 AM;12928.5202696838;1.5;17.1;9.3;14.5132215000248;5.5;0.958805847605656;0.886438564703564;0;307000;7.65415128447649;1;0;0
8/6/1991 12:00:00 AM;13485.3694031042;5.9;15.6;4;14.7016493616625;6.4;0.954023640489243;0.899473777600874;0;496000;7.10501327865619;1;0;0
8/7/1991 12:00:00 AM;14427.8001328071;9.3;15.4;6.9;14.8941421185689;7.2;0.949051158803715;0.960405637475249;0;453000;7.40649072848596;1;0;0
8/8/1991 12:00:00 AM;15307.2581094665;5.2;19.6;8;15.0906703197626;7.3;0.943361646419854;1.04029574483949;0;558000;8.52785098032185;1;0;0
8/9/1991 12:00:00 AM;16319.7140181817;8.9;17.2;7.5;15.291201606126;6.9;0.936173627823093;1.01436445142536;0;374000;8.61376677714248;1;0;0
8/10/1991 12:00:00 AM;17255.6071446525;4.4;13;7.5;15.4957006397825;8.7;0.929432548094756;0.790337413301127;0;211000;2.97107342687433;1;0;0
8/11/1991 12:00:00 AM;18080.1874985895;-0.2;12;10.2;15.7041290383252;6.6;0.92585488176299;0.694428392837577;0;316000;3.42265211946941;1;0;0
8/12/1991 12:00:00 AM;18905.7352388197;3;18.1;6.3;15.9164453140074;6.6;0.923078260543352;0.945544077883696;0;358000;7.57384474414496;1;0;0
8/13/1991 12:00:00 AM;19964.1983443783;3.9;14.5;6.2;16.1326048179843;6.9;0.917185723876969;0.829137787472099;0;573000;5.39386957706845;1;0;0
8/14/1991 12:00:00 AM;21123.670072843;7.9;19.6;8.6;16.3525596896822;7.9;0.909648430193614;1.08795529928595;0;525000;8.83245051444962;1;0;0
8/15/1991 12:00:00 AM;22508.3749826375;5.6;16.7;9.9;16.5762588113547;8.3;0.903322333155498;0.933000697552524;0;507000;5.75361385812724;1;0;0
8/16/1991 12:00:00 AM;23807.4178763256;6.2;19.7;9.1;16.8036477678744;6.4;0.898692318031281;1.06117478635628;0;484000;9.81672457759549;1;0;0
8/17/1991 12:00:00 AM;18260.7043051283;8.4;9.6;3.6;17.0346688117908;7.3;0.892607375080085;0.776107147514026;0;635000;4.18890273391292;1;3.32802814271842;0
8/18/1991 12:00:00 AM;19500.2751352488;0.6;9.6;11.2;17.2692608336782;6.7;0.89009604271863;0.639351916131225;0;349000;2.46712699940913;1;2.61094183887847;0
8/19/1991 12:00:00 AM;20552.1313268291;0.6;10.5;6.1;17.5073593377844;4.5;0.888282015297785;0.662792886515589;0;370000;5.03854428191117;1;1.97982812393033;0
8/20/1991 12:00:00 AM;21667.8667238517;4.5;11.8;9;17.7488964229806;4.5;0.886342550232208;0.757249984560486;0;442000;6.6325176398147;1;1.41125564280702;0
8/21/1991 12:00:00 AM;23012.0841309264;-1;10.8;11.2;17.9938007690065;5.9;0.883873607380017;0.650779061131895;0;482000;3.41557988784975;1;0.875565083981904;0
8/22/1991 12:00:00 AM;24281.6136920932;3.6;9.4;2.1;18.2419976279974;6.1;0.881898793564578;0.679146205732207;0;276000;3.75051024905843;1;0.328225256150626;0
8/23/1991 12:00:00 AM;25229.2896860801;-0.3;11.8;11.2;18.493408821271;8.1;0.880118921202621;0.687389838077919;0;142000;1.80883061010321;1;0;0
8/24/1991 12:00:00 AM;25379.83365631;-2.1;12.3;12.6;18.7479527413516;6.6;0.87693137326528;0.68142319696538;0;422000;3.17035155337349;1;0;0
8/25/1991 12:00:00 AM;25765.5321611156;2.3;15.4;4.5;19.0055443592012;6.4;0.873641097710587;0.835529650767279;0;302000;5.95348785589957;1;0;0
8/26/1991 12:00:00 AM;26202.0742762876;4.7;15.8;11.8;19.2660952366276;7.1;0.871370934769908;0.885856897978376;0;253000;6.1469982380808;1;0;0
8/27/1991 12:00:00 AM;26616.1374043171;3.3;11.3;5.6;19.5295135438352;7.8;0.870823576910941;0.723709841358539;0;497000;2.76587405861754;1;0;0
8/28/1991 12:00:00 AM;27002.5072196399;8;13;9.2;19.7957040820866;8.5;0.871225923453626;0.857755822501853;0;629000;4.35269864319051;1;0;0
8/29/1991 12:00:00 AM;27654.8309082454;8.9;14.1;12.7;20.0645683114403;9.4;0.864833827920872;0.910057947725331;0;444000;4.34668068512511;1;0;0
8/30/1991 12:00:00 AM;28186.7181256842;6.4;18;6.8;20.3360043835329;8.7;0.858576581699657;0.995797670903471;0;349000;6.42656270452874;1;0;0
8/31/1991 12:00:00 AM;28753.0194640243;5.1;11.8;6.4;20.6099071793757;7.3;0.854955147163262;0.767646501141234;0;388000;4.0129631823643;1;0;0
9/1/1991 12:00:00 AM;29231.4553847691;8.1;13.8;9.2;20.8861683521386;8.5;0.855916973996413;0.88375145446341;0;480000;4.79035867987724;1;0;0
9/2/1991 12:00:00 AM;29858.5910279414;7.1;17.6;8;21.1646763748958;9.9;0.856085325019427;0.993316817925271;0;234000;5.20702595375859;1;0;0
9/3/1991 12:00:00 AM;30245.4360638678;0.3;14.6;9.5;21.4453165933148;7.9;0.855428477475891;0.782002967272642;0;230000;3.53093743831989;1;0;0
9/4/1991 12:00:00 AM;30574.0288136626;6.2;13;13.1;21.727971283271;7.6;0.855741767992531;0.822128678207407;0;323000;4.62953723605149;1;0;0
9/5/1991 12:00:00 AM;31076.6444341134;6.1;12.5;14.1;22.0125197133794;8.5;0.856345920382651;0.805657940735895;0;498000;3.4554212304874;1;0;0
9/6/1991 12:00:00 AM;31532.6990712232;2.5;13.6;14.6;22.2988382124353;8.4;0.855542654890722;0.77909674132806;0;274000;3.04436125639468;1;0;0
9/7/1991 12:00:00 AM;31913.4943139839;4;13.6;13.4;22.5868002417659;7.9;0.852961004369566;0.802085884979612;0;200000;3.95419718443779;1;0;0
9/8/1991 12:00:00 AM;32279.304730084;4.8;14.4;15.2;22.8762764724971;8.2;0.849553173205364;0.840573965985953;0;403000;4.3039192637035;1;0;0
9/9/1991 12:00:00 AM;32623.9370398905;3.7;18.1;14.9;23.1671348677482;8;0.802908871260084;0.955678702572298;0;280000;6.36625292275498;1;0;0
9/10/1991 12:00:00 AM;32936.6455129063;7.3;20.4;12.2;23.4592407697717;7.8;0.753086714144031;1.11080439654923;0;299000;9.29747592756404;1;0;0
9/11/1991 12:00:00 AM;33220.3874931449;5.2;22.2;14.9;23.7524569920617;7.3;0.691847661901466;1.15812132681053;0;517000;10.5044904124914;1;0;0
9/12/1991 12:00:00 AM;33477.8463459445;10;19.7;8.7;24.04664391646;7.7;0.636643679301816;1.13542312386963;0;536000;9.91585495202576;1;0;0
9/13/1991 12:00:00 AM;33711.4568419818;8.8;8.9;4;24.3416595952961;7.2;0.58191105623284;0.768662495001723;0;422000;4.16484239496377;1;0;0
9/14/1991 12:00:00 AM;33923.4281893109;3;9.9;11;24.6373598586004;8.4;0.560050704382354;0.681984633841655;0;195000;1.48762265961633;1;0;0
9/15/1991 12:00:00 AM;34115.7649313633;5.8;12.5;9.6;24.9335984264372;7.9;0.541590476288118;0.80010683861298;0;181000;3.95860691098263;1;0;0
9/16/1991 12:00:00 AM;34290.2859086551;5;13.6;14.9;25.2302270264066;9.2;0.515717338000805;0.818733013688709;0;158000;2.94944650705508;1;0;0
9/17/1991 12:00:00 AM;34448.6414636174;5.6;13.3;8.7;25.5270955163717;9;0.485896413352778;0.820112430580798;0;108000;3.18472587827089;1;0;0
9/18/1991 12:00:00 AM;34592.329051344;3.9;13;11.4;25.8240520124665;8.7;0.431801043166781;0.782144850283202;0;213000;2.82662831312995;1;0;0
9/19/1991 12:00:00 AM;34722.7074039628;5.3;11.6;5.7;26.1209430224482;8;0.388909643993663;0.765662094136638;0;242000;3.28371857127254;1;0;0
9/20/1991 12:00:00 AM;34841.00938265;8.3;11.8;7.9;26.4176135844544;8.7;0.369725341373912;0.830242835557989;0;100000;3.69529913264341;1;0;0
9/21/1991 12:00:00 AM;34948.3536388887;7.7;14.3;16;26.7139074112309;9.5;0.345812719415516;0.891028878978872;0.486739225411922;126000;3.90519899036303;1;0;0
9/22/1991 12:00:00 AM;35045.7551953041;2.3;14.1;18;27.0096670398948;9.3;0.323342601688049;0.792108158319968;1.08586992765722;557000;2.34972101732163;1;0;0
9/23/1991 12:00:00 AM;35134.1350461828;10.6;16.8;12.3;27.3047339872952;8.5;0.305632530469547;1.03798793044713;1.4111829766648;231000;7.4576080053928;1;0;0
9/24/1991 12:00:00 AM;35214.3288685112;1.2;13;9.8;27.5989489110346;8.1;0.285760289888932;0.742336297399235;1.98217400599273;358000;2.72009678404606;1;0;0
9/25/1991 12:00:00 AM;35287.0949259453;5.6;11.8;12.1;27.8921517762093;8.3;0.273324974334468;0.776620043116277;2.23912496178134;313000;3.16850622967902;1;0;0
9/26/1991 12:00:00 AM;35353.1212404936;1.9;12.6;13.6;28.1841820279223;8.7;0.25867814528406;0.739923977270684;2.55720692179075;384000;2.09817797298439;1;0;0
9/27/1991 12:00:00 AM;30488.3474326813;0.4;11.5;15.9;28.4748787696164;7.9;0.246365944071842;0.687655872958643;2.83884560731058;265000;2.0289860442634;1;2.91886428468739;0
9/28/1991 12:00:00 AM;31029.4148263772;-0.6;13.3;19.5;28.7640809472685;6.4;0.235606880207414;0.728978083471012;3.09672932820582;534000;4.16027794550721;1;2.63017036403003;0
9/29/1991 12:00:00 AM;31517.3438338768;5.9;13.6;4.5;29.0516275394751;7.1;0.227179901470411;0.834668762388691;3.30707752788294;264000;5.33116762559164;1;2.37003007646268;0
9/30/1991 12:00:00 AM;31957.355328018;3.1;16.1;18;29.3373577534477;7;0.215729216306563;0.871601779366351;3.60576257491774;383000;5.96547207063904;1;2.13561928921254;0
10/1/1991 12:00:00 AM;32354.1570293314;5.8;11.1;12.6;29.6211112269257;7.1;0.190631724657096;0.761238610052875;3.93709795161193;612000;4.11852878339103;1;1.92439319388887;0
10/2/1991 12:00:00 AM;32711.9939615859;1.8;13;13.6;29.9027282359956;6.8;0.175692813538653;0.750562925170847;4.16488753064505;483000;4.16688003514964;1;1.7340586795558;0
10/3/1991 12:00:00 AM;33034.6939445843;3.6;12.6;17.8;30.1820499087909;7.2;0.1687252939841;0.765442703834825;4.67769829065138;315000;4.04837665653237;1;1.56254943828098;0
10/4/1991 12:00:00 AM;33322.3776459025;3.6;15.6;13;30.4589184450252;7.4;0.160403620186318;0.861484504876592;5.35623071046798;429000;5.41497302057593;1;1.40977247208269;0
10/5/1991 12:00:00 AM;33585.1464778474;2.3;12.5;19.2;30.7331773412879;7.7;0.151863688593705;0.742706423301331;6.08542517564827;318000;3.15208444558691;1;1.27033716351576;0
10/6/1991 12:00:00 AM;33810.2146045236;3.8;13;12.8;31.0046716220103;6.7;0.144908662087666;0.780538397327241;6.77865426043152;305000;4.79827340987447;1;1.15100359491086;0
10/7/1991 12:00:00 AM;34005.8743329816;1;22.3;13.5;31.2732480759766;7.4;0.139384837698981;1.10734080869085;7.39627176097612;279000;9.34686858512859;1;1.04734217853337;0
10/8/1991 12:00:00 AM;34175.927397591;2.6;19.4;20;31.5387554982298;8.2;0.131152738938249;0.993495111705904;8.44090170534021;564000;6.74676545572031;1;0.957313591911664;0
10/9/1991 12:00:00 AM;34321.7875481174;7.6;20.3;14.1;31.8010449371833;8.9;0.124833164159753;1.11201574344548;9.37425822170839;468000;8.22975386276111;1;0.880147390802404;0
10/10/1991 12:00:00 AM;34458.8325845302;7.8;11.3;12.1;32.0599699467158;8.3;0.116860778644602;0.806139051274375;10.0568270949592;288000;3.68682787057773;1;0.807692546740269;0
10/11/1991 12:00:00 AM;34578.1379518056;-1;12.8;21;32.3153868429864;7.4;0.111985280924468;0.70880853857211;10.5354780659186;544000;2.83020008209743;1;0.744659303181713;0
10/12/1991 12:00:00 AM;34683.4774345054;4.9;17.1;23.4;32.5671549656638;7.1;0.109277333764621;0.935976484654922;10.8357130986716;356000;6.98141904612411;1;0.68904050556977;0
10/13/1991 12:00:00 AM;34775.8772133618;7.1;18.6;11.9;32.815136943217;9.2;0.105609229086371;1.03208381455307;11.365720117082;330000;6.55955781296834;1;0.640283866417807;0
10/14/1991 12:00:00 AM;34857.5100346974;-0.1;16.3;21;33.0591989618652;8.1;0.0967650291599696;0.836933927550785;12.0243658922024;270000;4.19895850670187;1;0.597233778536952;0
10/15/1991 12:00:00 AM;34937.6720177464;5.3;23.8;13.5;33.2992110377336;7;0.0898554057818478;1.24016594042244;12.5306283338482;685000;12.1951608685272;1;0.554982817291446;0
10/16/1991 12:00:00 AM;35009.0194431051;15.9;25.9;19;33.5350472917032;9;0.0867888255130488;1.58232418654593;13.8960184056069;632000;16.7416267209034;1;0.51739987491804;0
10/17/1991 12:00:00 AM;35072.8704303264;16.1;24.1;8.9;33.7665862263858;10.9;0.0831763255377862;1.49428873626423;16.2544898872782;487000;13.2590389438483;1;0.483784722021816;0
10/18/1991 12:00:00 AM;35129.954470883;9.4;15.5;20.8;33.9937110045923;11.4;0.0789734077128042;0.96593715540416;18.6712903774049;320000;3.30238907745405;1;0.453748392871882;0
10/19/1991 12:00:00 AM;35186.3320226771;4.1;18.6;16.6;34.2163097285964;9.3;0.0753132094603272;0.981686778339638;19.6846767315618;247000;5.51077945217219;1;0.424099171991291;0
10/20/1991 12:00:00 AM;35237.0079285746;3.7;13.4;13.3;34.4342757194305;7.9;0.0726878725770201;0.791114678908311;20.4801114701554;267000;3.76830879589854;1;0.397463111095266;0
10/21/1991 12:00:00 AM;35282.5420998688;5;16;22.6;34.647507795377;8;0.0712552856755317;0.897817593217644;20.9887023015267;439000;5.45298820417631;1;0.373542278247137;0
10/22/1991 12:00:00 AM;35327.7121945491;4.7;23.7;21.5;34.8559105487487;8.8;0.0693488355708889;1.22605814014873;21.5924340423691;326000;10.1240937030802;1;0.349824740030314;0
10/23/1991 12:00:00 AM;35368.480343043;8.6;23;22.8;35.0593946199759;7.5;0.066503133779952;1.25603288603601;22.4873946672678;400000;12.1342061558421;1;0.328430071081406;0
10/24/1991 12:00:00 AM;35405.4271114641;7.8;14.3;18.1;35.2578769679429;13.4;0.0636427718648733;0.893061241286053;23.3795609578751;316000;0.0411867778298554;1;0.309050894485454;0
10/25/1991 12:00:00 AM;35438.8871138847;5.4;15.4;25.8;35.4512811354399;10.9;0.0587264815332358;0.883893177301087;24.4324926743168;351000;2.33365598397501;1;0.291509393531194;0
10/26/1991 12:00:00 AM;35472.4305338624;6.1;14.8;12.9;35.6395375085195;8.8;0.0568381364245654;0.876320371361636;26.0983965589129;378000;4.32557324651059;1;0.27393266264668;0
10/27/1991 12:00:00 AM;35502.9006352223;10.4;19.4;16.3;35.8225835684714;9.7;0.0556027432674832;1.1320503316145;27.2764468410017;457000;7.8704929756679;1;0.257974607503498;0
10/28/1991 12:00:00 AM;35530.677194667;12.1;21.5;11.2;36.0003641350523;10.6;0.0539251810141599;1.2618486789238;28.159478787674;326000;9.2812942656965;1;0.243434517331818;0
10/29/1991 12:00:00 AM;35556.0814716281;6.4;13.6;16.9;36.1728315995358;9.5;0.0522050886510609;0.843927116603623;29.218175934698;110000;3.09450839653284;1;0.230142685822023;0
10/30/1991 12:00:00 AM;35581.7003409295;-1.1;16.5;26.9;36.3399461460769;7.9;0.0505532893835507;0.833177249240445;30.1808869665061;322000;4.30387125077055;1;0.216744883614238;0
10/31/1991 12:00:00 AM;35605.0761591015;4.6;15.2;25.6;36.5016759598178;9;0.0495804740613295;0.863648676378923;30.716060884716;664000;3.87840535197048;1;0.20452629710687;0
11/1/1991 12:00:00 AM;35626.4726918155;9.8;23.8;22.9;36.6579974201022;10.7;0.048636359300026;1.32012207099757;31.2711305319134;403000;10.0994316581032;1;0.193347766699878;0
11/2/1991 12:00:00 AM;35646.1150862505;10.5;10.9;4.5;36.8088952771073;10.9;0.0479770563581412;0.857435953648653;32.338111161564;490000;1.96865321942576;1;0.183090560972938;0
11/3/1991 12:00:00 AM;35665.9965159841;6.6;8.9;11.2;36.9543628101578;11;0.0468329436565391;0.721676797826939;32.9966144630396;333000;0;1;0.172713333514904;0
11/4/1991 12:00:00 AM;35684.2006622935;5.6;12;21.4;37.0944019659432;9.4;0.0476987284210917;0.782210636609872;33.5464780593816;200000;2.16045667899234;1;0.163216301824692;0
11/5/1991 12:00:00 AM;35700.9855209984;0.2;12.8;16.8;37.2290234748333;9.4;0.04867646847028;0.723248414779604;34.2583362905659;202000;1.09017996753846;1;0.154463940845143;0
11/6/1991 12:00:00 AM;35716.4342020744;5.2;15.5;25.5;37.3582469434663;9.2;0.0495832949831781;0.883867966581064;34.8087293649555;168000;4.02793660601005;1;0.146412126874293;0
11/7/1991 12:00:00 AM;35730.6394932277;8.9;15.1;16.8;37.4821009217806;10.4;0.0521980682874966;0.941802024774891;36.6884615201806;100000;3.88342052775783;1;0.13901176996664;0
11/8/1991 12:00:00 AM;35743.7359383126;5.7;17.6;21.7;37.600622942668;10.7;0.0555815930512363;0.96819882453346;39.1414516422411;200000;3.94255480470113;1;0.132192122185698;0
11/9/1991 12:00:00 AM;35757.0159263549;10.4;21;24.1;37.7138595324532;10;0.0585240187932769;1.19986429363645;41.1130359667265;200000;8.74136495153141;1;0.12527990089736;0
11/10/1991 12:00:00 AM;35769.2695785046;7;19.2;21.1;37.8218661904444;10;0.0669647319373495;1.05450340897046;43.4947792815281;200000;6.13409772156992;1;0.118904856083324;0
11/11/1991 12:00:00 AM;35780.602593139;3.5;16.3;22.4;37.9247073358602;11.8;0.0755358424866144;0.884713674561732;45.3462476691541;200000;1.39251870935344;1;0.113011455021246;0
11/12/1991 12:00:00 AM;35791.0777645796;4.5;15.3;27.4;38.0224562205177;10.5;0.0850553235967158;0.865396497217314;46.3765890443605;418000;2.40446820119962;1;0.107566561973701;0
11/13/1991 12:00:00 AM;35801.7168616207;7.5;16.3;28.9;38.1151948057682;8.8;0.0937790496675155;0.953617399107218;47.1823082642311;466000;5.65101288425906;1;0.102038845659515;0
11/14/1991 12:00:00 AM;35811.5557429297;2.8;15.2;26;38.203013602288;7.4;0.103614970940074;0.83579875076367;47.9789076338229;497000;4.97253204458627;1;0.0969292592228136;0
11/15/1991 12:00:00 AM;35820.6742433347;6;13.5;26.1;38.2860114714774;7.5;0.111383657845713;0.833441089045658;48.5020056314166;208000;4.91288323086596;1;0.0921959234057197;0
11/16/1991 12:00:00 AM;35829.1205091488;4.9;16.4;29;38.3642953873893;7.6;0.122595065434555;0.910365931319061;49.2072882045968;413000;6.05753329445233;1;0.0878134725149485;0
11/17/1991 12:00:00 AM;35836.9606070299;8.9;20.5;26.7;38.4379801583008;9.5;0.132773202027233;1.14606708814529;49.8682124416382;294000;8.25984489155157;1;0.0837472884961397;0
11/18/1991 12:00:00 AM;35844.9689105611;10.9;15.9;24.2;38.5071881072566;11.7;0.15131221024364;1.01413099379925;50.9768629067412;448000;3.8535944081186;1;0.0795956086288017;0
11/19/1991 12:00:00 AM;35852.4024367533;8;20.5;17.5;38.5720487111512;11.6;0.17321503363627;1.12829478231101;52.0954914816599;341000;5.82205053170907;1;0.0757436471632586;0
11/20/1991 12:00:00 AM;35859.3156403593;5;18.9;18.3;38.632698198181;10.5;0.198720203416734;1.00792829214525;53.2453392849118;506000;4.7801640090747;1;0.0721628932026449;0
11/21/1991 12:00:00 AM;35866.3382031086;4.7;20.2;29.7;38.6892791037785;8.4;0.22172981019135;1.05828454776677;54.1376050992546;290000;7.70799531716355;1;0.0685270682615294;0
11/22/1991 12:00:00 AM;35872.8532969486;3.3;23.4;26.5;38.7419397854465;8.1;0.247968936222782;1.19112972747315;55.0560431500863;378000;10.1609146854101;1;0.0651555411522834;0
11/23/1991 12:00:00 AM;35878.9090761708;9.6;15.2;16.5;38.7908338972339;8.7;0.265827821266025;0.960535076547132;55.5977754124213;281000;5.91431148630321;1;0.0620231279069317;0
11/24/1991 12:00:00 AM;35884.5480619908;3.6;16.7;30;38.8361198249314;9.6;0.2811615230091;0.900775734231614;55.5977754124213;221000;3.85921220657453;1;0.0591075998194935;0
11/25/1991 12:00:00 AM;35889.807921621;2.9;17.8;21.1;38.8779600834226;8;0.296980908798112;0.932309280409734;55.5977754124213;226000;5.95290758885506;1;0.0563892737063757;0
11/26/1991 12:00:00 AM;35894.7221236233;7.5;11.8;20;38.9165206779862;8.2;0.311786053192467;0.813411640395726;55.5977754124213;253000;3.90476855415183;1;0.0538506673681311;0
11/27/1991 12:00:00 AM;35899.3204916235;2;14.2;20;38.9519704317194;8.3;0.327480706403991;0.791109991332399;55.5977754124213;473000;3.325564022847;1;0.0514762085953514;0
11/28/1991 12:00:00 AM;35903.6296741112;10.8;14.9;6.8;38.9844802816248;8.8;0.340722154336949;0.978988476191521;55.5977754124213;438000;6.14881062101639;1;0.0492519883654609;0
11/29/1991 12:00:00 AM;35907.6735446297;8;13.2;20;39.0142225462785;11.5;0.361570953411437;0.863634884274288;55.5977754124213;258000;1.45123774243403;1;0.0471655506841374;0
11/30/1991 12:00:00 AM;35911.4735439623;3.6;16.6;29.1;39.0413701683629;8.7;0.384721860419725;0.897108208947678;55.5977754124213;514000;4.69899630041249;1;0.0452057129508458;0
12/1/1991 12:00:00 AM;35915.0489737781;10.4;23.2;22;39.0660959357074;9.6;0.392798756532365;1.30266303170713;55.5977754124213;357000;10.9243524798093;1;0.0433624118594592;0
12/2/1991 12:00:00 AM;35918.4172494927;6.3;12.4;22;39.0885716848193;9.6;0.392798756532365;0.806548747052287;55.5977754124213;300000;2.37349415148101;1;0.0416265707478318;0
12/3/1991 12:00:00 AM;35921.5941187225;4.3;10;9.2;39.1089674912107;8.5;0.392798756532365;0.70586999081036;55.5977754124213;362000;1.79278373878494;1;0.0399899850344401;0
12/4/1991 12:00:00 AM;35924.5938506103;1.4;13.2;16.1;39.1274508511188;8.1;0.392798756532365;0.751181103649939;55.5977754124213;366000;2.8669434942042;1;0.0384452229640663;0
12/5/1991 12:00:00 AM;35927.4294003986;0;14.4;18.6;39.1441858594829;7.5;0.392798756532365;0.771671300140106;55.5977754124213;404000;3.7568821962422;1;0.0369855393574233;0
12/6/1991 12:00:00 AM;35930.1125528994;10.1;17.6;15.9;39.1593323892667;9.2;0.392798756532365;1.05537515623335;55.5977754124213;242000;7.04431032529589;1;0.0356048004444419;0
12/7/1991 12:00:00 AM;35932.6540479133;9.9;15.7;26.4;39.1730452773995;10.9;0.392798756532365;0.983878223801843;55.5977754124213;212000;4.11747016534591;1;0.0342974181754269;0
12/8/1991 12:00:00 AM;35935.0636901587;10.8;14.2;11;39.1854735227507;11.1;0.411481414743992;0.957130452323808;55.5977754124213;153000;3.47417728409559;1;0.0330582926623827;0
12/9/1991 12:00:00 AM;35937.3504458707;9.6;19.4;22.4;39.1967595016411;10.8;0.430414294901192;1.11437425456397;55.5977754124213;137000;6.44132218446569;1;0.0318827616154581;0
12/10/1991 12:00:00 AM;35939.5225278938;3.9;17.6;30.1;39.2070382064313;10.2;0.453429826720324;0.939168687512653;55.5977754124213;207000;3.90100651248176;1;0.0307665558153525;0
12/11/1991 12:00:00 AM;35941.5874708151;6.8;17;29.5;39.2164365127064;9.6;0.472221178728011;0.965399641634645;55.5977754124213;588000;5.02955968796538;1;0.0297057598085384;0
12/12/1991 12:00:00 AM;35943.5521974555;10.8;12.8;10.6;39.2250724805029;10.5;0.491628274571971;0.915896727479346;55.5977754124213;227000;3.36826105818513;1;0.0286967771338082;0
12/13/1991 12:00:00 AM;35945.4230778398;3.8;15.4;22.2;39.2330546948802;10.2;0.512947583594445;0.857669825305172;55.5977754124213;154000;2.55822793054451;1;0.0277362994903441;0
12/14/1991 12:00:00 AM;35947.2059816087;3.4;15.2;11.4;39.2404816509499;8.4;0.533179644517642;0.844707650051566;55.5977754124213;239000;4.13489261678132;1;0.0268212793428031;0
12/15/1991 12:00:00 AM;35948.9063246951;7;13.4;23.9;39.2474411882148;8.9;0.55079187627604;0.849377619005353;55.5977754124213;606000;3.79636109668049;1;0.025948905530668;0
12/16/1991 12:00:00 AM;35950.5291109748;8.7;14.2;30.7;39.2540099787598;8.6;0.57097646500561;0.908812735661765;55.5977754124213;271000;5.1223543286899;1;0.0251165815096766;0
12/17/1991 12:00:00 AM;35952.0789695032;1.9;15.9;31.1;39.2602530734689;7.9;0.595439343865528;0.847567570242618;55.5977754124213;172000;4.63656262382063;1;0.0243219059044016;0
12/18/1991 12:00:00 AM;35953.5601878666;2.1;19.1;32.7;39.266223510022;8.2;0.616560333487953;0.974196084087901;55.5977754124213;213000;6.40923513224313;1;0.0235626550945618;0
12/19/1991 12:00:00 AM;35954.9767421064;6.5;23.8;27.7;39.2719619859604;9.3;0.641156379811476;1.25910771195508;55.5977754124213;241000;10.2813071591943;1;0.0228367675946813;0
12/20/1991 12:00:00 AM;35956.3323236151;11.5;26.9;15.6;39.2774965996006;10.5;0.676547746422569;1.52648625977747;55.5977754124213;234000;14.0073122559405;1;0.022142330018314;0
12/21/1991 12:00:00 AM;35957.6303633494;11.1;28.7;22.6;39.282842661035;12.4;0.701006841322004;1.62869101382977;55.5977754124213;254000;13.8910950112993;1;0.0214775644450962;0
12/22/1991 12:00:00 AM;35958.8740536649;11.5;28.9;34.5;39.2880025748805;12.4;0.732684449084523;1.65003826433204;55.5977754124213;448000;14.2978647302017;1;0.020840817032079;0
12/23/1991 12:00:00 AM;35960.0663680348;11.1;18.1;32.1;39.292965795846;11.3;0.766574676191508;1.09740977288239;55.5977754124213;654000;5.69234059020683;1;0.0202305477307375;0
12/24/1991 12:00:00 AM;35961.2100788861;9.4;21.9;33.2;39.2977088575779;9.2;0.792983718843219;1.21924577553292;55.5977754124213;243000;9.83656880821868;1;0.0196453209882351;0
12/25/1991 12:00:00 AM;35962.3077737564;12.5;20.1;20.9;39.302195474627;12;0.822287284420994;1.21139876691638;55.5977754124213;309000;7.01138126909281;1;0.0190837973263672;0
12/26/1991 12:00:00 AM;35963.3618699492;13.9;21.6;24.6;39.3063767167685;12.4;0.854529015477994;1.31299191451662;55.5977754124213;127000;8.44206535328046;1;0.0185447257044574;0
12/27/1991 12:00:00 AM;35964.3746278473;13.9;29;24.8;39.3101912542994;14.9;0.891880658826085;1.71198078442198;55.5977754124213;287000;13.0696897235304;1;0.0180269365836213;0
12/28/1991 12:00:00 AM;35965.3481630221;14.2;24.5;22.5;39.3135656723536;14.7;0.938783594897462;1.4602043835052;55.5977754124213;374000;8.77060210653481;1;0.0175293356195065;0
12/29/1991 12:00:00 AM;35966.2844572627;10.1;13.5;7;39.3164148517104;15.4;0.98389249498098;0.91920894923337;55.5977754124213;370000;0;1;0.0170508979190512;0
12/30/1991 12:00:00 AM;35967.1853686339;10.4;18.1;9.2;39.3186424130454;10.9;1;1.08097288979386;55.5977754124213;207000;5.79135105882726;1;0.01659066280417;0
12/31/1991 12:00:00 AM;35967.1853686339;12.6;13.8;9.4;39.3209800552737;12.9;1;0.991680312664297;55.5977754124213;258000;2.28501404093773;1;0.01659066280417;0
1/1/1992 12:00:00 AM;35967.1853686339;9.6;14.3;20.9;39.3207939446178;11.3;1;0.931870949690742;55.5977754124213;260000;2.82713687822024;1;0.01659066280417;0
1/2/1992 12:00:00 AM;35967.1853686339;5.2;15.3;28.4;39.3204736681426;8.7;1;0.877072780376758;55.5977754124213;143000;4.41564159271597;1;0.01659066280417;0
1/3/1992 12:00:00 AM;35967.1853686339;4.8;19.1;33.8;39.3190445501324;8.2;1;1.01297917428497;55.5977754124213;276000;7.15673523749126;1;0.01659066280417;0
1/4/1992 12:00:00 AM;35967.1853686339;9.1;20.8;33.2;39.3163625231755;9.2;1;1.1632743077364;55.5977754124213;376000;8.86227840554207;1;0.01659066280417;0
1/5/1992 12:00:00 AM;35967.1853686339;8.6;25.9;33.7;39.312276030568;10.8;1;1.41005336198193;55.5977754124213;210000;11.4951191195964;1;0.01659066280417;0
1/6/1992 12:00:00 AM;35967.1853686339;8.9;19.3;13.5;39.3066267939891;11.4;1;1.09552801057969;55.5977754124213;460000;5.49592911262494;1;0.01659066280417;0
1/7/1992 12:00:00 AM;35967.1853686339;14.1;28.1;29.1;39.2992506067137;12.5;1;1.66048426196547;55.5977754124213;299000;14.5550180679896;1;0.01659066280417;0
1/8/1992 12:00:00 AM;35967.1853686339;15;28.8;31.4;39.2899781467765;14;1;1.72770155612275;55.5977754124213;386000;14.3247943083326;1;0.01659066280417;0
1/9/1992 12:00:00 AM;35967.1853686339;13.9;21.7;30;39.2786358045033;11.5;1;1.31745753377997;55.5977754124213;262000;9.42115169420223;1;0.01659066280417;0
1/10/1992 12:00:00 AM;35967.1853686339;10.4;22;24.5;39.2650465188911;13.6;1;1.24517151375288;55.5977754124213;234000;5.92599392622396;1;0.01659066280417;0
1/11/1992 12:00:00 AM;35967.1853686339;14.9;20.8;20.6;39.2490306174296;13.5;1;1.30648686927291;55.5977754124213;585000;7.25507181940575;1;0.01659066280417;0
1/12/1992 12:00:00 AM;35967.1853686339;15.6;25.7;14.9;39.2304066541208;13.8;1;1.56269996212236;55.5977754124213;479000;11.5731689913225;1;0.01659066280417;0
1/13/1992 12:00:00 AM;35967.1853686339;17.1;29.7;33.2;39.2089922406583;13.3;1;1.84525658942508;55.5977754124213;496000;17.3032022985395;1;0.01659066280417;0
1/14/1992 12:00:00 AM;35967.1853686339;14.2;27.5;33.2;39.1846048659767;10.4;1;1.6267254044345;55.5977754124213;447000;16.0537078985854;1;0.01659066280417;0
1/15/1992 12:00:00 AM;35967.1853686339;13.3;20.9;30.2;39.1570626996615;10;1;1.26613361367748;55.5977754124213;730000;9.99593878762655;1;0.01659066280417;0